TRIAL 1
EID: 2001 4000 8003 
EventT: 6.2325 6.2325 6.2325 

TRIAL 2
EID: 2001 4226 10001 8007 
EventT: 8.1198 8.1198 8.1198 8.1198 

TRIAL 3
EID: 2001 4316 10001 8007 
EventT: 10.0639 10.0639 10.0639 10.0639 

TRIAL 4
EID: 2001 4091 10001 8005 
EventT: 11.9192 11.9192 11.9192 11.9192 

TRIAL 5
EID: 2001 4001 10001 8005 
EventT: 13.8525 13.8533 13.8542 13.8542 

TRIAL 6
EID: 2001 4046 10001 8005 
EventT: 15.7201 15.7201 15.7209 15.7209 

TRIAL 7
EID:  
EventT:  

TRIAL 8
EID: 2001 4001 10002 8007 
EventT: 18.4216 18.4216 18.4216 18.4216 

TRIAL 9
EID: 2001 4000 14545 8003 
EventT: 20.2784 20.2784 20.2784 20.2784 

TRIAL 10
EID: 2001 4181 10001 8007 
EventT: 22.1846 22.1846 22.1846 22.1846 

TRIAL 11
EID: 2001 4091 10002 8006 
EventT: 24.0291 24.0291 24.0291 24.0291 

TRIAL 12
EID: 2001 4046 10001 8007 
EventT: 25.9465 25.9465 25.9465 25.9465 

TRIAL 13
EID: 2001 4181 10001 8005 
EventT: 27.8053 27.8053 27.8053 27.8053 

TRIAL 14
EID:  
EventT:  

TRIAL 15
EID: 2001 4046 10002 8007 
EventT: 30.6522 30.6522 30.6522 30.6522 

TRIAL 16
EID: 2001 4271 10002 8005 
EventT: 32.5139 32.5171 32.5171 32.5171 

TRIAL 17
EID:  
EventT:  

TRIAL 18
EID: 2001 4000 8001 
EventT: 35.1590 35.1590 35.1590 

TRIAL 19
EID:  
EventT:  

TRIAL 20
EID: 2001 4000 14545 8001 
EventT: 37.5781 37.5781 37.5781 37.5781 

