UNIQUE_EID
111
112
113
114
116
117
118
119
130
140
141
222
2001
2002
2003
2004
2005
2006
2007
2008
4000
4001
4002
4046
4091
4136
4181
4226
4271
4316
8001
8002
8003
8004
8005
8006
8007
10001
10002
13636
14545
16363
20000
21000
21002
21500
21501
21503
21999
22000
22001
22003
22500
22501
22503

EID_GE_1000
2001
2002
2003
2004
2005
2006
2007
2008
4000
4001
4002
4046
4091
4136
4181
4226
4271
4316
8001
8002
8003
8004
8005
8006
8007
10001
10002
13636
14545
16363
20000
21000
21002
21500
21501
21503
21999
22000
22001
22003
22500
22501
22503
